D130G	2	0.05998998	-0.55394430
D130G	3	-1.0139793	-0.3527625
D130G	4	1.9784763	0.6296857
D130G	9	-0.4446591	1.2682700
D96V	15	-0.279735	1.788787
D96V	16	0.8444249	1.0823031
D96V	4	0.2690204	0.6714147
D96V	5	-1.4696050	0.4511122
F142L	18	-1.6855428	-0.5025951
F142L	3	-0.2192922	-1.3815810
F142L	4	-1.057908	-1.409479
F142L	6	0.3875196	-1.3466430
N54I	12	2.921920	0.157046
N54I	18	1.1489634	0.9256875
N54I	24	-1.6064214	-0.5391374
N54I	37	1.333029	1.027772
N98S	16	2.462875	0.363219
N98S	27	1.3517176	-0.3511524
N98S	33	2.365257	-1.008775
N98S	39	2.0921515	0.2877381
wildtype	4	-1.7290934	-0.0260409
wildtype	6	-0.45980506	-0.04252377
wildtype	7	-2.2694978	0.1947686