D96V.15.pdb 0.0 2.212238311767578 3.133322238922119 4.267229080200195 3.0503792762756348 3.732696294784546 3.7095298767089844 4.285129070281982 3.7165284156799316 3.7101054191589355 4.428539752960205 4.79341983795166 4.481046676635742 3.2670791149139404 4.5286335945129395 2.2686989307403564 2.8222849369049072 2.4853579998016357 3.073723316192627 3.0972609519958496 5.010201454162598 2.8619158267974854 4.585824489593506
D96V.16.pdb 2.212238311767578 0.0 3.2034759521484375 4.534621238708496 3.16084885597229 3.8731472492218018 3.47027587890625 4.54955530166626 3.947206497192383 3.7268803119659424 4.533624649047852 5.0588226318359375 4.182046890258789 3.5507774353027344 4.792975902557373 2.9758851528167725 3.148383855819702 2.7833054065704346 2.7927260398864746 3.351374387741089 5.365288734436035 2.859035015106201 4.870125770568848
D96V.4.pdb 3.133322238922119 3.2034759521484375 0.0 2.6088433265686035 3.421987771987915 3.006650924682617 5.5271687507629395 4.862049102783203 2.3941688537597656 3.145972490310669 3.342092990875244 4.125002384185791 6.198813438415527 5.075848579406738 2.965602159500122 4.146363258361816 4.549147605895996 3.4971985816955566 4.391592025756836 4.82094144821167 3.454371213912964 2.1583569049835205 2.6461474895477295
D96V.5.pdb 4.267229080200195 4.534621238708496 2.6088433265686035 0.0 3.2258694171905518 2.482386350631714 6.401196479797363 5.010944843292236 2.0148229598999023 2.8001832962036133 2.4259707927703857 2.6761727333068848 7.060925483703613 5.598285675048828 1.9257237911224365 4.857362270355225 5.3153276443481445 3.794144630432129 4.833542346954346 5.6298747062683105 2.3351199626922607 2.735745668411255 2.072664976119995
D130G.2.pdb 3.0503792762756348 3.16084885597229 3.421987771987915 3.2258694171905518 0.0 2.5764195919036865 4.649300575256348 4.8291215896606445 3.088226318359375 2.7204835414886475 3.440739631652832 3.4686059951782227 5.405585765838623 4.12552547454834 3.7536518573760986 3.593148708343506 4.082425117492676 2.868070125579834 3.02101731300354 4.328863620758057 4.373751640319824 2.5234105587005615 4.097228050231934
D130G.3.pdb 3.732696294784546 3.8731472492218018 3.006650924682617 2.482386350631714 2.5764195919036865 0.0 5.3797197341918945 4.499452590942383 2.6535322666168213 2.489091634750366 2.9840376377105713 2.468867301940918 6.04113245010376 4.86075496673584 3.1750807762145996 4.180133819580078 4.664003849029541 3.2197399139404297 3.9282870292663574 4.8034844398498535 3.675894260406494 2.5730865001678467 3.0915238857269287
D130G.4.pdb 3.7095298767089844 3.47027587890625 5.5271687507629395 6.401196479797363 4.649300575256348 5.3797197341918945 0.0 4.203847885131836 5.982183456420898 5.083560943603516 6.345475196838379 6.064131736755371 1.8936336040496826 2.7655153274536133 6.617162704467773 3.4871537685394287 3.274017572402954 3.7672698497772217 2.7311713695526123 2.6154942512512207 7.268540382385254 4.944014072418213 6.81913948059082
D130G.9.pdb 4.285129070281982 4.54955530166626 4.862049102783203 5.010944843292236 4.8291215896606445 4.499452590942383 4.203847885131836 0.0 5.022082328796387 5.066887855529785 5.633024215698242 4.640963077545166 4.418000221252441 3.7127411365509033 5.274057388305664 3.9675636291503906 3.6896116733551025 4.332501411437988 4.650647163391113 3.712993860244751 5.735805034637451 4.879577159881592 5.465853691101074
F142L.18.pdb 3.7165284156799316 3.947206497192383 2.3941688537597656 2.0148229598999023 3.088226318359375 2.6535322666168213 5.982183456420898 5.022082328796387 0.0 2.6004152297973633 1.9388132095336914 3.2410409450531006 6.837550640106201 5.2910685539245605 1.5652828216552734 4.401846408843994 5.20167350769043 3.1518898010253906 4.441575050354004 5.497402667999268 2.0631814002990723 1.977660894393921 2.0098776817321777
F142L.3.pdb 3.7101054191589355 3.7268803119659424 3.145972490310669 2.8001832962036133 2.7204835414886475 2.489091634750366 5.083560943603516 5.066887855529785 2.6004152297973633 0.0 2.397653102874756 2.854132652282715 6.058452606201172 4.755037784576416 3.176582098007202 4.1995439529418945 4.7581987380981445 2.3010311126708984 3.257357597351074 4.833824634552002 3.5741260051727295 2.2030365467071533 3.2723464965820313
F142L.4.pdb 4.428539752960205 4.533624649047852 3.342092990875244 2.4259707927703857 3.440739631652832 2.9840376377105713 6.345475196838379 5.633024215698242 1.9388132095336914 2.397653102874756 0.0 3.2741611003875732 7.2834649085998535 5.713798522949219 1.9836610555648804 4.926657676696777 5.833490371704102 3.2324411869049072 4.62206506729126 6.077730655670166 2.193354845046997 2.5845420360565186 2.475194215774536
F142L.6.pdb 4.79341983795166 5.0588226318359375 4.125002384185791 2.6761727333068848 3.4686059951782227 2.468867301940918 6.064131736755371 4.640963077545166 3.2410409450531006 2.854132652282715 3.2741611003875732 0.0 6.710331439971924 5.439572334289551 3.447345495223999 5.02487850189209 5.168868064880371 3.7902235984802246 4.576842784881592 5.38651180267334 3.7765660285949707 3.6846799850463867 3.6613590717315674
N54I.12.pdb 4.481046676635742 4.182046890258789 6.198813438415527 7.060925483703613 5.405585765838623 6.04113245010376 1.8936336040496826 4.418000221252441 6.837550640106201 6.058452606201172 7.2834649085998535 6.710331439971924 0.0 3.275123119354248 7.465977668762207 4.113177299499512 3.425018310546875 4.850363254547119 3.6791908740997314 2.661679744720459 8.072469711303711 5.834068775177002 7.652108192443848
N54I.18.pdb 3.2670791149139404 3.5507774353027344 5.075848579406738 5.598285675048828 4.12552547454834 4.86075496673584 2.7655153274536133 3.7127411365509033 5.2910685539245605 4.755037784576416 5.713798522949219 5.439572334289551 3.275123119354248 0.0 5.81760835647583 2.202512741088867 2.7731597423553467 3.371241807937622 2.96364426612854 2.4814651012420654 6.379245758056641 4.56166934967041 6.197181701660156
N54I.24.pdb 4.5286335945129395 4.792975902557373 2.965602159500122 1.9257237911224365 3.7536518573760986 3.1750807762145996 6.617162704467773 5.274057388305664 1.5652828216552734 3.176582098007202 1.9836610555648804 3.447345495223999 7.465977668762207 5.81760835647583 0.0 4.9669928550720215 5.86169958114624 3.8237783908843994 5.145291328430176 6.166510105133057 1.3917489051818848 2.7997138500213623 1.7357144355773926
N54I.37.pdb 2.2686989307403564 2.9758851528167725 4.146363258361816 4.857362270355225 3.593148708343506 4.180133819580078 3.4871537685394287 3.9675636291503906 4.401846408843994 4.1995439529418945 4.926657676696777 5.02487850189209 4.113177299499512 2.202512741088867 4.9669928550720215 0.0 2.6724467277526855 2.677741765975952 2.9726104736328125 2.5733537673950195 5.48524284362793 3.7446861267089844 5.261315822601318
N98S.16.pdb 2.8222849369049072 3.148383855819702 4.549147605895996 5.3153276443481445 4.082425117492676 4.664003849029541 3.274017572402954 3.6896116733551025 5.20167350769043 4.7581987380981445 5.833490371704102 5.168868064880371 3.425018310546875 2.7731597423553467 5.86169958114624 2.6724467277526855 0.0 3.5802433490753174 3.390894889831543 1.900660514831543 6.3648247718811035 4.612346172332764 5.993885040283203
N98S.27.pdb 2.4853579998016357 2.7833054065704346 3.4971985816955566 3.794144630432129 2.868070125579834 3.2197399139404297 3.7672698497772217 4.332501411437988 3.1518898010253906 2.3010311126708984 3.2324411869049072 3.7902235984802246 4.850363254547119 3.371241807937622 3.8237783908843994 2.677741765975952 3.5802433490753174 0.0 2.3463566303253174 3.6106228828430176 4.2862982749938965 2.4317550659179688 4.140562534332275
N98S.33.pdb 3.073723316192627 2.7927260398864746 4.391592025756836 4.833542346954346 3.02101731300354 3.9282870292663574 2.7311713695526123 4.650647163391113 4.441575050354004 3.257357597351074 4.62206506729126 4.576842784881592 3.6791908740997314 2.96364426612854 5.145291328430176 2.9726104736328125 3.390894889831543 2.3463566303253174 0.0 3.0777482986450195 5.78911828994751 3.403829336166382 5.461610794067383
N98S.39.pdb 3.0972609519958496 3.351374387741089 4.82094144821167 5.6298747062683105 4.328863620758057 4.8034844398498535 2.6154942512512207 3.712993860244751 5.497402667999268 4.833824634552002 6.077730655670166 5.38651180267334 2.661679744720459 2.4814651012420654 6.166510105133057 2.5733537673950195 1.900660514831543 3.6106228828430176 3.0777482986450195 0.0 6.699875354766846 4.648556709289551 6.312080383300781
wildtype.4.pdb 5.010201454162598 5.365288734436035 3.454371213912964 2.3351199626922607 4.373751640319824 3.675894260406494 7.268540382385254 5.735805034637451 2.0631814002990723 3.5741260051727295 2.193354845046997 3.7765660285949707 8.072469711303711 6.379245758056641 1.3917489051818848 5.48524284362793 6.3648247718811035 4.2862982749938965 5.78911828994751 6.699875354766846 0.0 3.284177541732788 1.9046157598495483
wildtype.6.pdb 2.8619158267974854 2.859035015106201 2.1583569049835205 2.735745668411255 2.5234105587005615 2.5730865001678467 4.944014072418213 4.879577159881592 1.977660894393921 2.2030365467071533 2.5845420360565186 3.6846799850463867 5.834068775177002 4.56166934967041 2.7997138500213623 3.7446861267089844 4.612346172332764 2.4317550659179688 3.403829336166382 4.648556709289551 3.284177541732788 0.0 2.9001047611236572
wildtype.7.pdb 4.585824489593506 4.870125770568848 2.6461474895477295 2.072664976119995 4.097228050231934 3.0915238857269287 6.81913948059082 5.465853691101074 2.0098776817321777 3.2723464965820313 2.475194215774536 3.6613590717315674 7.652108192443848 6.197181701660156 1.7357144355773926 5.261315822601318 5.993885040283203 4.140562534332275 5.461610794067383 6.312080383300781 1.9046157598495483 2.9001047611236572 0.0
